function vertices = carGeometry()
    vertices = [
        -6.5 -6.5 -6.5 -6.5 -2.5 -2.5 -0.75 -0.75 3.25 3.25 4.5 4.5 6.5 6.5 6.5 6.5;
         0    0    2.5  2.5  2.5  2.5   4     4    4    4   2.5 2.5 2.5 2.5 0   0;
        -2.5  2.5  2.5 -2.5 -2.5  2.5  -2.5   2.5 -2.5 2.5 -2.5 2.5 -2.5 2.5 2.5 -2.5;
         1    1    1    1    1    1     1     1    1    1   1   1   1   1   1   1
    ];
end